37665
305401
351312
17112
220325
295367
304664
353614
153334
264807
318024
18457
365285
298192
359830
225358
100205
251201
290034
159624
328743
324287
49220
302229
192429
334611
295395
335578
331201
15823
266659
302045
307918
136194
334559
354624
366371
330278
292959
252882
291591
338129
319935
302907
137940
294980
355200
169706
135179
113674
282921
304731
367873
235820
8269
224752
291767
314959
283679
145106
355543
208469
341284
4822
290563
214082
210489
362630
359532
336756
313477
319701
314885
306794
278211
357127
295245
350050
358060
293010
140314
139229
359530
109198
365401
356646
63686
224758
307824
341119
351078
136687
303723
296981
337009
52067
174336
361231
301318
351112
137914
366025
254806
115003
295739
351059
336787
312088
291475
344907
362365
332042
308608
327027
292910
342172
225922
285319
362693
337529
262712
311900
305399
312621
330080
243664
367401
309127
277293
181698
310951
310947
28945
340725
341533
333737
313119
328912
112752
294227
355296
307990
339959
296415
167866
280622
159087
298232
314729
196261
212076
181675
311050
319638
304666
102558
41959
220701
320130
349329
300892
16395
331415
62633
294559
346219
240110
322041
300889
231614
215334
344863
171834
280951
27478
279617
118235
125147
322382
302707
330476
348163
356434
115859
334307
206878
293614
291702
80659
198369
219475
366748
360172
335320
358171
318218
364381
349769
299025
210687
134023
185204
69495
303587
110286
110021
311286
204406
298630
212820
251554
34229
325055
339917
67793
107636
325724
258107
334744
359871
313531
71958
308780
227078
98030
303118
359988
57884
309952
341500
90464
110298
310233
262184
313953
61081
250691
307483
23562
140507
323105
120784
325410
18998
344992
188453
304741
351013
120783
306982
304186
299528
302761
322468
14240
343995
360849
345453
4624
39455
353142
138734
347026
304503
310569
368837
365084
232066
63744
295748
61998
310864
326527
83637
313333
306084
294039
348262
293709
325957
345296
345840
368524
273921
356901
315811
308436
346746
258541
35831
313735
319119
296139
42835
336198
364735
326463
300129
341238
168112
302009
334405
307496
359225
300497
301854
299238
124696
290875
151726
143318
12588
293165
343821
310450
69894
296890
231799
262140
166047
99705
239841
295864
345709
312147
161784
101811
328131
279861
342475
197627
297963
351573
221653
262540
320901
256591
367560
350787
298998
300265
326152
274524
329690
356578
76641
322370
305636
298197
156024
294557
239168
195547
301256
204965
354926
367502
307283
258364
359776
304221
329448
355010
350662
355302
360910
364009
327469
209167
315005
325788
352276
254926
269698
101748
324921
171043
131719
220692
347166
295156
324770
313478
191816
360588
110710
162690
40994
346945
330791
294435
309320
315172
126612
341058
45561
368687
312217
362648
217358
16003
216570
348750
300940
161713
132585
293068
342189
353531
259128
295998
150541
327376
330093
322752
360605
359172
148685
292231
354277
96646
81179
363277
332600
291775
336777
361190
333274
332837
260539
339989
148209
222042
315450
296445
353103
360963
361850
147198
33757
316111
351917
239677
81162
346073
265686
305379
314274
308451
125664
125935
325307
323311
360947
349701
291161
315285
25150
61044
304895
308900
359218
154979
172219
311654
298910
232604
200779
324101
358723
349672
296857
329998
341372
28545
294103
337964
342825
306008
244298
299486
294656
301992
38865
98697
363386
113046
306392
313136
334688
323446
349360
206196
321731
295065
363017
233705
1752
297774
158418
335274
342341
316437
330584
306894
295561
216319
367327
352524
348487
170954
222344
321784
367095
332509
116412
341059
332069
181798
81705
364705
305245
286678
190899
324284
119897
360190
368892
131491
368789
318687
94155
149961
347566
310538
308382
34542
364076
331346
257917
271870
304453
351975
347218
303194
327051
305731
342955
347940
352036
341737
293917
240424
366590
165856
218151
367055
269622
125002
236133
335284
364196
8277
329074
296819
291967
211402
4829
310729
350888
297945
361540
300320
248016
360362
361329
337683
353853
291110
343690
352677
112528
337119
290393
283822
207634
127831
83501
348404
294193
248322
337436
210665
364734
361872
345772
301207
257481
330702
367554
320331
263791
327449
342921
319973
318454
292472
69354
306553
19718
329227
90484
310904
352928
263345
246521
194117
354000
119619
209408
308720
299047
345904
305913
354639
347688
364873
329301
35521
322517
310360
299842
361840
341498
343559
293639
8800
291695
335956
127266
257301
308241
316751
200175
357621
344585
289596
174890
306981
295327
357038
169285
348638
349754
1523
316137
359325
312936
144205
362611
356602
293653
301004
280456
340011
142323
321433
50419
226467
299684
214280
184075
279291
311184
154964
247340
338476
160159
368049
348965
285180
285323
314307
343986
294020
352846
326850
348288
311542
349664
1047
344409
282173
125343
164706
314788
282710
329327
348830
319362
348718
312026
243827
314539
358818
332380
337726
42882
294541
281132
166546
312193
271315
27724
209702
302542
350277
299388
356657
200329
235165
343545
230605
301211
368469
39027
121276
358978
315366
303552
290895
301550
258941
302074
308374
103228
97083
208622
349860
129966
299645
358556
298346
349451
236409
302617
124570
347405
357828
302560
130211
308562
364250
350236
343010
103295
250516
322515
357181
347493
230472
252774
346729
325112
359006
346828
259500
353577
290697
292185
204533
108815
101936
346143
330247
307616
100018
247382
343522
345964
305779
351237
106885
297292
236027
272830
3263
332955
67951
31620
311955
247913
193852
14389
328428
327091
332009
313457
301108
82492
80433
337519
294393
367076
38787
274552
314757
323025
126525
317139
137432
308408
354135
219762
330847
303796
294360
352869
313705
332381
313371
294794
348862
189907
149204
364753
314104
195610
342279
224464
305125
315838
326335
352080
172303
199584
313719
291515
353962
350608
179029
155513
262406
293764
107182
349756
313948
337283
263603
349282
309602
293360
319489
175582
284896
353061
316424
324204
53483
291200
245809
346166
16266
114227
351680
12811
316257
349035
290173
304918
357559
309117
201348
290709
358882
223689
364925
329817
279768
160455
252726
110564
247951
330829
321882
339299
94795
327632
313219
249980
71539
24768
363948
361888
313332
305305
299733
314640
305270
53597
320292
310620
297428
208231
291678
310902
180786
368224
79433
331561
302456
318349
309101
342462
352534
305105
288346
27349
329975
363192
342888
320400
342624
360949
300664
291040
367707
350684
287702
298792
318671
306686
326079
328703
309550
256468
82162
291257
339212
183376
75796
346996
333329
291532
124910
143104
336699
352235
328135
90157
354437
214350
113972
308593
309531
313741
325106
175509
315932
304817
97055
169617
298124
306819
356708
295942
238802
304612
308665
218105
217503
48780
328594
295854
341395
143836
59774
244865
367921
26128
358052
202131
139840
311510
250625
306119
329250
296153
330324
342537
342651
345600
331947
301669
343520
329563
341170
293846
293106
133537
298974
90701
352130
169074
218890
203289
295523
94516
22545
83731
306038
149242
136222
361831
221864
342128
323328
267417
289870
130147
361273
338939
360010
80026
285562
141476
329435
308809
306177
347421
300699
322730
307600
345369
216649
196654
360994
299345
342576
297020
74901
337492
337374
269759
246108
312678
125179
348682
292086
107945
353241
346467
140195
350285
348778
362124
358420
302273
349801
364013
319457
147394
306182
83907
331095
71527
188016
349204
333578
245255
349476
323493
319960
348795
309070
322904
100983
320867
354594
324450
270717
350441
307501
35240
285078
356933
355556
333383
354200
310257
351844
358860
73975
307446
107773
267583
367544
246224
102612
336546
274988
339780
64178
307897
362040
163868
8466
164150
303450
234738
310239
310493
349530
348403
356130
281607
178802
351386
325173
68746
104962
78487
336559
71148
367993
207304
356428
91963
356583
296461
191182
292839
356832
295456
113794
304457
164906
299022
354895
353578
245674
187250
368441
352544
364210
47456
320205
356382
307755
273075
146836
358064
179327
285873
348455
185637
125009
341906
302089
342567
294310
219261
351114
343185
309419
228929
331389
258675
200393
229681
348896
312189
61389
299156
298013
310449
278634
346321
1515
311511
293473
361462
153874
298637
341448
368700
219670
80405
292945
309025
363137
336608
90757
320417
129789
357017
214293
219600
126057
239861
76542
298362
360005
305901
325021
347611
358778
360987
171731
271722
351479
339511
361428
141154
214868
342303
336194
356381
195698
171963
310518
311399
295836
231418
179555
343251
330987
317889
210311
299989
124092
326621
364391
79281
210736
365907
330883
260983
348275
293153
295638
321497
317351
131457
352890
329736
299977
266418
131302
313587
352637
313676
368907
301599
307596
359457
348838
352210
197953
295958
169435
148279
43471
332981
343591
288927
265288
256995
350649
293930
317047
331683
245268
271739
293453
126860
143686
325960
198522
292138
20770
282005
193588
366735
304097
291324
255139
305942
355490
249284
303430
323529
71886
324995
305207
332942
302153
288739
359072
290594
354574
349686
308771
282602
357096
139917
221434
354078
323682
298064
108556
241609
344945
340631
321579
357557
305573
349582
291573
304305
230766
30842
122499
295285
263705
276845
300857
357552
191798
350088
238586
343416
151129
248002
323803
315011
298626
123821
316005
294558
204131
304264
346749
321325
366043
349892
356398
360483
149268
191409
351060
81585
185892
357915
362621
354395
345257
313779
224501
202981
304560
355938
332347
348096
321266
313612
209550
153523
41948
143844
35192
103964
302351
366045
309606
319730
343237
132262
7853
127114
295646
344722
240093
332103
344239
35021
347293
51112
310234
52430
176147
185351
137617
108917
346680
310528
242222
16916
359957
72473
347492
151417
356402
350291
310960
308817
259460
364010
277986
347966
340575
120073
328410
327578
116059
229879
221262
311134
327269
347310
313523
302372
357799
321751
298846
360161
307182
23123
20391
227041
272251
316023
349831
324473
345130
131735
317523
305490
181220
353343
334665
312479
281501
298306
321538
303720
224711
343712
320459
264427
264156
298808
197323
354043
304829
325801
358559
290555
295388
293147
127572
313298
339657
5423
361783
291991
336310
230686
145473
317287
210607
363450
331434
242059
259875
319597
314299
136095
330710
298211
318296
296016
150795
312404
320339
335919
157919
235773
306984
151504
237670
352382
256673
309424
106258
212365
325602
296004
266537
357358
332135
363346
340569
173857
26979
308991
343048
154568
321865
306599
97377
310775
184983
317074
301937
366876
289308
255347
346614
130435
364243
292058
311950
264369
240623
146517
307109
302718
345108
300073
157934
261069
293005
310993
355909
312166
362981
314329
179444
295239
214425
365562
343677
230786
368715
296718
310026
235425
328527
322856
162854
187953
228045
366120
314609
307122
250269
277128
336998
300343
314961
342286
170394
304200
345382
345161
355990
307396
356591
345408
362672
231085
322999
53981
5074
248474
368050
294251
347263
256520
323548
348374
312001
321642
342969
367604
339124
302879
262759
339564
313141
44905
313542
281057
302224
291412
334502
362561
214090
247500
221463
298907
297771
294074
202203
362321
160564
343176
207009
225293
105287
232141
328023
307993
334573
112018
295856
295768
346762
354430
240858
312483
12477
353284
235246
290890
293863
50516
131651
79495
232438
173516
241812
296617
358863
366754
309440
345979
67130
346187
280871
324861
312578
70895
308810
353957
105923
308748
72039
351356
364035
367733
263320
322955
345269
273193
189551
11016
360480
345200
324810
116972
210553
299928
319936
328462
313406
279822
365654
337395
192579
229610
308414
289052
315911
316303
238545
339199
312050
361186
312673
300350
286111
31367
303741
314563
327273
358701
59281
303790
290915
297582
46342
338364
142198
259080
353714
349887
289946
259578
366292
292532
275160
325419
248842
311631
244498
250152
305210
326625
141465
305060
322641
314848
58073
333933
142261
18711
326599
361368
360634
359979
37416
352017
218760
363959
312965
275574
326289
95629
368419
188620
351206
327241
248885
352593
61407
359536
172868
310753
154770
337077
302139
272554
359186
301822
114352
314956
313709
312705
301035
351882
285719
326108
350477
315778
348217
122774
330315
70428
299480
80796
210186
329204
8643
148839
300340
335765
356823
340524
300865
246817
308455
168787
368304
296271
284264
262192
304626
346335
203424
200734
356038
5204
278779
292458
221085
294593
202846
268543
326589
20451
312938
338381
302657
127451
342980
166922
344785
328180
188547
362795
98569
292546
304996
205819
299136
159986
86938
83975
190536
5813
296222
361623
303370
305937
272247
299400
336937
289065
176235
359148
356492
246605
304409
367672
312899
321809
209033
248995
139030
317471
307491
338520
292277
327255
201241
277191
162165
213553
243251
300852
101998
317856
297583
174297
366420
349050
130907
299496
312986
15966
314888
294456
239389
306591
64319
265066
16861
358911
122863
211858
358511
325254
10591
355229
301835
342403
360965
285912
311177
297047
250380
181277
217209
340114
347450
310523
325656
366632
303239
157655
305653
347384
300978
352501
262425
29008
60999
299236
292905
358996
290392
300715
309175
359462
363040
367621
348209
124273
335085
300862
337889
308047
338758
284135
346274
330477
364174
292446
300523
300691
361834
159281
357779
61993
247346
350509
338952
344490
82762
29249
355811
182497
308597
328140
320720
94813
308415
13158
294191
23281
298140
361165
319629
74620
337903
350185
255356
46532
333184
118551
338851
88693
349364
325876
354034
283547
256724
292400
327620
334997
312923
325943
318243
339097
272434
338089
252306
293400
249207
170782
302226
367819
299124
6533
217242
264030
313990
325526
350575
146951
333287
106206
294585
360858
328119
242191
252928
353370
366712
358644
345800
89484
326381
200670
296356
197970
324939
308668
299085
314861
74338
285466
364788
333968
293678
295435
172461
311648
300832
264074
328324
348118
319341
347420
205361
332959
678
302019
300295
312835
326585
240298
337346
134974
128555
58149
338993
331308
285663
333148
337400
293172
329008
303403
358913
351840
349669
365179
328152
365012
310080
305223
151109
342566
357615
28203
319627
318919
332930
340974
313103
168769
350372
270393
357964
300004
93891
365616
223466
330135
346887
290811
326100
187221
257196
309577
43893
303841
160660
321719
337819
209166
360950
306672
302447
312738
124186
308423
314196
317317
321508
175514
342642
249285
353421
320415
49666
334741
291388
356108
316922
321394
327801
348572
313822
130425
363918
275346
232574
343969
329005
288273
308824
322301
354763
344284
336628
280525
338746
83401
102521
320703
315292
173361
334792
202351
302602
243314
350182
239400
314991
331325
175895
239541
337879
300742
198506
308742
365184
325088
296535
175064
353400
356799
314110
331677
353654
363351
310770
344882
331684
358293
178939
309642
349251
358678
352236
322883
297385
299900
368998
54836
302149
349995
335369
363586
313648
355680
132146
253161
326907
273694
334263
358731
302700
337751
281553
355904
291926
239355
348897
337640
198021
209845
278384
352799
328090
124338
354892
103686
124142
343681
357586
267429
317708
277107
355071
245898
221579
332788
311327
299985
298660
363179
276104
307816
331417
229882
357854
307013
313230
171042
264697
254703
261589
265829
166017
283730
326525
289834
61654
296223
292002
241712
295134
192659
225607
148463
302327
362515
293149
168830
331573
73956
356802
325701
291814
340107
149429
367813
368047
360758
360731
360001
329230
92366
314430
367661
299665
367978
262185
297080
177433
67610
362019
302451
268728
355413
124133
310837
238956
35744
10469
132909
180973
292386
134201
54499
303870
354219
356867
335021
315006
180129
360044
334078
367799
314881
358651
347830
295575
334532
308163
291751
355722
335495
361069
354154
163266
285215
239499
293928
358577
294872
120932
106178
250148
350298
338441
303566
365148
306020
365867
182009
346610
333241
282609
328437
309377
217525
316603
80492
84288
336852
298734
299679
48627
302271
356127
292644
136430
39365
154802
299629
321822
361934
294584
343175
321996
163575
363836
342845
291315
262715
315835
222159
46510
337621
294914
265832
73918
81704
339349
356445
349002
241301
301494
299154
79372
254363
412
348512
323900
326646
40273
302735
356001
356766
160161
344091
366064
313290
336796
334058
340888
287940
316180
274944
151400
147321
109234
362221
37306
353047
317113
314919
355370
357700
346495
361005
280099
305957
304936
180222
330488
313105
44084
340615
348345
309346
320633
302493
308928
186806
154552
216113
312882
357146
354856
271116
328025
61581
320171
346089
321240
312545
31565
283495
320046
346652
243357
41776
79309
365302
367356
314377
303173
328560
348474
296853
355419
309245
246450
342509
205155
338940
236072
64346
133395
226793
189827
234483
67473
306995
43978
32559
311903
327095
347243
247643
349960
327761
356647
308692
348397
301580
265876
115325
317411
322225
330754
202755
313016
144161
351762
216749
143648
45382
309078
321810
308594
355406
152388
329993
318583
90371
90955
333347
327711
290720
352543
330554
361148
303505
289598
124216
293659
295756
362638
365349
213733
251435
329426
329138
189212
269202
55785
290838
310543
311034
133519
214340
292510
76735
169061
351592
329475
344597
295560
275363
146124
273634
287753
306914
333894
260000
307647
354384
368292
336180
295774
287360
337124
226826
202440
299734
307187
224029
361513
340028
309673
306199
361184
358289
121487
234643
288196
121249
322101
60332
116502
232986
306298
345534
208267
360982
366729
210751
341472
135482
340231
210826
283105
297019
211540
303684
83502
321327
329965
92710
39137
285865
82756
169945
299525
308998
60496
115736
298560
368945
326348
330863
176195
324439
326773
342461
354653
339665
213596
353551
313941
45740
322744
304419
306617
186723
19769
337470
302614
320653
316500
350737
315599
303312
317454
63974
315348
328206
182316
228837
312841
301360
304710
367468
65234
332147
297098
326217
348181
331867
125047
155383
198400
309274
321728
140838
363733
366519
336356
188427
362777
231960
314351
106379
344517
219233
343127
311020
297193
292455
292296
361951
300480
349456
367969
295886
163800
318316
254721
295999
362185
184849
364729
303442
297788
45144
310471
121215
334935
194615
340367
329238
357953
42076
173754
308543
232696
205825
145186
305947
60428
311090
346563
191152
312204
359683
305093
342917
103947
292015
302256
97621
282603
170358
304282
198334
41792
113912
254572
336613
304671
214644
367258
281033
334813
201427
263223
71921
9632
275627
30099
335182
325824
293604
221660
340978
243228
334702
341117
284095
328737
361982
364785
331763
258157
367482
363953
343886
69640
348570
271484
239543
293954
166184
303835
288155
327700
119187
276747
184832
332221
312295
226973
132828
349215
315711
366121
145787
267985
360040
359848
205449
348482
309225
347815
324391
352552
242726
338438
360215
297132
196778
332952
283334
309456
311036
279853
318052
317781
335878
310136
345933
91832
116991
296103
255945
304091
180477
351768
308617
211427
160434
303447
351773
348285
335839
323845
241647
323198
355955
304780
221480
281710
305139
365863
335131
340833
305664
182301
318549
163938
340255
152435
8784
339813
293025
342297
296674
306176
359904
219674
116983
110516
20468
292626
327544
300236
197719
4039
312646
336728
332199
358633
296167
200312
347446
361942
367939
180760
314102
324613
366295
345109
141355
16929
121688
352275
310410
322591
226094
204382
133957
311136
274703
355222
75732
299729
242360
205098
305685
315329
278274
330362
288419
298313
302563
39884
301114
341875
173062
73060
306805
296056
251183
226617
315064
360643
300833
368939
94819
174263
328011
276715
324493
350490
301516
212976
352169
68778
318194
299838
77457
304297
72831
344449
158324
359680
76760
319733
360023
337830
353861
353859
308230
278543
206588
196729
234994
328615
227737
310645
96003
336453
366543
273391
308508
255008
98661
150081
333497
322798
296293
295679
323301
256991
361264
232366
327957
162835
356213
324829
350631
202665
336973
278952
289578
281545
364756
162495
291146
347367
151070
360996
358105
100451
368205
324375
107958
276306
347388
351748
326538
278028
332185
314726
154469
340927
322589
354661
365611
360919
317885
365161
351274
325883
42375
352584
335780
25153
131377
354397
294269
341114
314593
83174
349260
333259
349707
246378
344540
290354
53764
30360
81591
334016
255934
667
310426
322091
262144
206832
237250
351082
357816
368763
335642
357908
307417
327811
335954
73186
291672
335883
309260
363445
343882
295496
359823
67686
308940
210132
363020
15565
314436
297274
255625
356292
351351
327975
308077
115335
256759
310498
141610
131122
277502
340743
310031
202338
116870
167071
56544
300522
348872
307534
50150
234576
243659
301760
136169
321304
336638
325888
44048
345741
342520
348624
301363
312360
288057
334788
195002
293953
211383
353149
349470
288261
363396
346989
212927
333944
355806
344157
348622
82124
358969
318143
348647
355807
353208
333109
238158
298009
342428
6535
43776
298101
300806
165542
337925
45761
297015
304832
303686
351474
251380
361251
368778
303498
311068
336708
78536
315973
356005
259438
265540
271250
5627
288732
341178
356567
347221
293043
313869
113970
314488
354954
239459
58345
282582
339742
291959
322912
267269
127215
337844
305652
308053
368813
358796
368662
366624
337081
340034
352302
231519
356785
338456
257555
298689
267003
362770
160524
309643
175481
176224
328585
871
281490
14690
255146
236405
287740
335676
345951
153541
315416
359663
174735
223783
38746
166940
187863
322664
287393
348272
297427
321181
292317
72047
299387
308592
359443
206096
35891
229897
360791
295475
327490
288768
283040
191095
58500
312819
188264
293282
59176
367127
292818
365413
291190
206511
93042
361339
293761
4108
279813
352774
302539
211329
259626
260730
38504
86684
298621
298840
359440
234116
322600
84423
344596
236135
49288
366954
354575
10753
254648
329787
296661
363259
345825
300054
299372
245326
288866
152123
181452
327830
201215
355175
310565
322826
206785
345701
294480
356853
314473
235067
131668
296380
336827
347353
39194
269432
305529
360571
149368
344315
321216
136981
320673
37701
200277
292646
360146
368858
336146
360359
317020
355373
322109
353117
186329
329808
242741
27858
358924
95334
310147
368051
339766
96170
262743
157075
278918
123037
248851
287758
145154
301380
302232
356049
107525
348566
349638
354723
301740
336247
341968
281582
350905
338772
350588
333330
349423
236015
148853
363111
339842
325755
158743
296570
332974
32789
361664
330627
368661
267196
349066
355183
344254
294603
238828
336589
264310
282442
366850
232020
332873
323500
364515
308830
319858
357946
151823
318569
340798
358826
337220
153785
306122
315618
348884
326439
344032
104430
165487
155207
247312
1355
44329
289954
71519
334766
313513
293914
344951
222817
62501
339320
286932
105085
81349
239789
357105
14776
340339
332943
359189
101635
87498
311204
142351
310529
31552
361086
357648
67106
240130
245582
356531
113780
316323
360765
67247
365290
243219
314373
269425
315149
368201
325118
307321
309303
292127
123310
182842
210120
346686
289480
295754
47214
107517
332019
264789
205622
79407
309507
200727
136888
297393
261459
353072
323155
69055
201497
316470
329912
24985
341249
345213
295520
300110
319015
272354
332594
312572
346168
130606
233660
102607
282586
304485
306270
313575
147741
271362
287150
300911
224996
311092
301355
306286
358025
307548
345927
253840
326097
214828
311823
302383
351849
287565
65303
318952
347795
315963
175521
302950
257753
349391
347882
314974
293878
353073
314583
352918
302541
336982
320796
337365
340161
247589
306692
4184
289175
228137
127258
129572
329521
367812
283865
352497
324452
364730
358777
214514
9387
359091
292657
314220
361440
337344
359759
282514
352950
156649
175355
359514
167131
315304
98162
310059
364944
233730
355703
343402
360237
304805
275949
315511
302489
146583
248413
296114
77957
293826
187374
343716
299004
320029
296856
216447
311082
120349
327287
309233
362742
82421
328452
104740
354243
319657
192347
332176
360025
207510
303871
333630
302605
246910
360081
328074
357323
286223
295729
300378
41169
304649
325397
331876
285790
348414
308737
366167
340283
314369
347999
344209
342821
171716
295002
351045
249357
334557
306661
108655
170812
300173
174173
353180
299625
158027
109750
9785
310287
157498
294816
350406
47460
300790
269072
325719
362712
158776
354873
3037
360369
316883
307590
326917
297765
139829
321738
353419
353768
46932
298066
289970
332519
56200
300929
242996
129057
95039
330376
141549
348115
312619
346539
289827
130786
327158
331294
287178
79506
342919
352538
309849
319622
333741
280108
297404
223936
324130
343328
354767
186279
337357
245231
296386
346604
347475
23954
328873
225550
306978
358567
324379
182939
217951
131029
326209
349453
253300
292875
319924
280047
341244
283868
332865
124694
94447
305127
290726
310364
346922
299972
367269
292633
60923
288890
345774
301657
347540
319941
311156
298669
335364
309164
296647
309435
233481
236315
325477
87213
303437
355939
103775
328224
269392
298339
345394
277297
19805
41121
125526
220937
103398
359217
289084
331508
150971
354685
287663
314236
363683
51292
326691
322377
366119
296320
7435
258945
297340
48532
360469
365760
43173
309353
322385
328858
319497
358368
327499
338589
202801
277060
308239
261868
250364
365460
77855
235527
202144
366621
352355
41987
296190
346509
343917
367758
344496
323204
361795
213554
322259
343030
243278
167762
253655
308758
224064
341052
89529
298319
313329
363154
350510
366374
331700
367546
221875
306057
352337
292790
328465
275176
352715
309875
26434
340481
77475
318805
332902
334582
253402
247638
304429
254085
125790
223646
346169
334832
323766
331756
321617
223906
337181
216538
294863
342300
53633
356348
319771
368581
309692
293947
311567
352939
325238
368346
356465
297219
358221
290870
167630
253567
86196
305797
132498
368925
313649
90290
258729
96860
367263
364033
351451
318120
331428
368655
246781
290577
348468
293189
92801
285689
341770
339863
337984
314608
230148
342850
325416
189085
290893
76125
221284
365331
302157
350987
9245
241143
357354
351715
154930
294437
208973
26500
313627
344459
55843
20085
341008
323187
199909
341162
331429
297057
311921
336653
293977
350648
114613
223180
300616
368192
309860
346879
177141
310591
248618
354621
67994
348196
73174
346649
310789
92053
273868
304588
334052
137536
191270
292900
303940
361937
366530
104758
332038
299904
358456
76176
365188
170679
105624
285102
298241
328321
138011
226504
151761
314305
170743
257393
342689
155499
353198
308628
142865
358136
177036
304036
324239
239155
329776
354152
199653
339135
292624
276002
146157
303414
15327
118001
353720
293655
307526
186783
346447
362016
343375
158606
275253
325799
359799
340770
267845
357313
38265
74462
308968
307568
112089
62867
291937
18369
297233
339442
188485
238149
162964
332474
251236
360067
303726
310216
297881
358320
257487
282255
352371
291079
293712
281825
181713
331080
172997
354322
322926
326932
306570
287569
133301
343641
309778
329753
348711
298995
349663
295206
291012
326829
299601
356415
347622
323901
344301
365013
345374
124221
342945
315054
316139
356435
233223
367270
331122
260057
295954
225289
299704
333543
166382
139261
36118
158988
291492
303071
215142
296936
326670
271819
110187
63027
306726
155128
298019
349633
1965
294854
29277
61605
229734
192095
307409
345856
195515
306719
2330
125675
243909
353203
113153
328196
311981
352676
317817
345688
311434
173269
270412
306315
303343
364755
222340
307744
358029
151781
265796
250881
294428
331198
318901
278692
280799
337279
102054
338864
93580
21846
271566
331563
157805
340314
285878
57023
342655
126590
157716
149525
308479
311198
192248
278391
291024
358525
329269
332483
295181
192808
111969
311236
347927
278115
366497
284972
331800
363903
207134
39335
356267
295446
314471
320825
104389
343567
162930
305633
346418
238181
242091
331337
84853
80662
257701
331102
360727
64288
367646
293031
346138
359503
114410
249050
312623
191803
293507
98546
325306
241366
119514
314262
39175
73550
354275
368532
302122
328231
303455
352832
98316
20131
140083
345563
254352
269242
88587
298361
353004
360273
333348
353345
309276
361893
221998
280542
309119
335710
220961
98536
142313
41651
333621
102995
101141
78400
359265
160269
272201
350545
315647
168432
89980
308512
327298
364213
274071
301577
347653
270897
298008
21839
2586
320288
338439
215054
365988
142451
298592
312890
306012
356411
104361
185224
317905
75565
102030
306193
311984
350095
335232
334966
305618
292443
360745
347356
299499
84509
124770
285651
308791
201084
189469
103668
309460
311859
322080
357071
295694
159421
346032
353014
343844
81455
136789
266209
318902
189149
343254
105829
201410
257636
368413
245723
303206
309891
345153
353483
299513
333305
303178
356252
360096
368002
300922
350098
353560
239545
256024
161411
82315
343815
136028
242909
358561
310109
354874
357118
313403
332776
315245
358856
364709
339807
14797
118889
291793
295266
112728
362303
308346
104887
291128
336191
342766
49001
129027
351758
342038
218260
291142
299067
359592
363317
349455
44588
294514
309695
122428
332257
352121
360498
304584
368856
358738
333598
292897
349702
71237
292072
332534
240066
20658
255955
365625
361602
230752
130566
274216
317951
295837
311532
252838
360035
109264
350732
321708
40648
327796
322516
349560
277379
293663
297228
350240
281737
176071
361509
323292
321456
329849
354100
309228
133465
343838
359817
317898
202220
327660
296169
75006
306328
354491
235120
309206
305586
216732
127399
342818
328012
306979
212720
290694
359074
368930
323232
223667
368699
331128
345910
360290
53211
281965
352597
337053
303948
89074
152606
225321
361972
126011
358270
330335
326950
321812
104300
109628
298414
322408
315371
273085
278533
301962
316963
367848
334348
249330
351822
365414
348693
337895
301978
175706
344423
102567
334170
328179
174136
339687
99585
246468
199373
288248
331298
297524
126165
262564
359840
232177
132347
254558
307515
319565
331111
336285
147772
353864
336715
283905
347891
269502
324499
296361
116097
254437
354064
317645
119961
251320
305572
214101
197826
353326
354179
345926
358397
304207
337094
148970
353789
331174
295986
360704
89698
313774
250692
325980
314044
308117
305239
342809
360464
290713
327347
332686
96138
353900
138394
297698
308744
314337
333718
352921
341524
297607
44846
179274
333132
305437
325447
358865
310086
344124
302503
290235
337737
196015
286450
294477
333658
326026
151162
140772
16556
144966
308206
240185
282270
312158
338080
36552
324117
232579
363769
209154
296447
288714
278157
307149
227247
362692
367940
285507
33534
186423
297793
302057
213934
355636
272082
88121
302480
350815
296179
270144
125967
337562
176760
314992
243029
22733
187198
215733
363080
301159
367146
344957
79233
302699
331437
362874
304456
284842
152444
332526
327538
247407
351968
341954
348891
70480
278800
303201
292399
312274
42290
334969
268838
362138
328618
86742
256023
324033
358371
306681
301173
207456
213032
252806
197904
363272
303583
365761
246435
309080
362591
311227
226375
214935
351625
292792
287296
365319
309429
222202
360358
319548
114482
311117
224353
360916
365052
327625
309594
117915
324374
322137
57883
331232
312179
203135
367290
335431
335311
331333
321849
323265
331673
292856
350567
60881
325191
307170
119352
245850
317077
211016
293590
322949
299232
334734
300369
350192
8224
206441
309342
363423
343298
100691
362847
165871
299850
356811
256400
22708
295525
366694
349369
351121
353820
95194
358046
361552
345847
366349
326482
240589
359281
357570
328146
165519
178877
308072
323804
323541
226627
229860
246696
159729
291083
361215
334927
299190
99976
303302
354443
354815
301470
75355
195417
128180
78866
335060
60781
144776
122605
248506
305684
340537
57976
282964
304808
342742
91395
308581
310445
335441
67736
344860
22906
338687
100074
328608
355897
318564
193696
361910
88496
365881
328688
347342
340493
361876
3620
315363
67162
311164
328689
362103
302462
248713
337452
367729
298997
138157
337263
301899
239582
287148
180241
57224
302620
236779
303176
282351
286493
352535
358303
329069
300696
160806
356663
51109
300355
231946
216224
317508
278452
300503
71590
312037
337587
350491
313372
331955
237050
14369
332089
254562
174209
368046
279767
356649
179094
270285
139909
8569
225001
361328
215521
350554
306476
293135
294519
97300
331805
309243
49611
267870
143701
352656
153395
344224
122495
234745
344820
362535
26021
222120
217843
330785
364146
315154
337182
103436
328677
137679
320648
168124
9117
299183
307191
335419
318988
300315
7276
192666
216329
305625
350846
187149
258568
306514
291056
302410
128623
315410
303147
354955
298676
288167
291618
306969
108477
300737
305372
322114
327172
296106
312357
332049
326705
266023
183021
297188
294400
367113
347072
287438
330330
269905
320528
287308
356301
328378
297086
78980
198532
352808
306412
302994
35678
323752
357658
83233
353738
302739
347732
293345
42086
348135
185619
304851
322609
351922
314526
358840
339943
302929
292517
96414
338576
318824
355402
331057
177477
344199
103416
142502
342697
307611
307736
152363
298477
146035
368345
273092
235487
353402
305443
330366
368671
140089
335609
58266
272956
328003
302577
223429
319477
304581
343840
313771
279294
311581
190170
273427
122124
327252
327387
258028
368098
314642
155111
312332
366980
300930
362585
111861
323448
355284
324036
298878
314500
287007
348542
306320
268123
109160
333755
184726
327790
319116
367948
315509
349264
283367
349665
278693
112372
124693
97339
63154
101507
339502
292103
287210
123267
291459
341268
204323
128968
364326
301565
295678
170820
342841
196198
323978
303636
208281
358223
50428
147443
269306
310508
264270
294749
309648
111931
307331
243519
15227
272076
32696
211802
250107
297432
227908
323014
334928
295241
248820
159604
353335
216552
77398
332018
327461
118142
241715
289411
238676
362045
311586
360222
352962
140625
291941
302302
154892
352365
349031
22849
357737
139676
310220
352667
333587
310477
343956
226598
362229
106595
279957
347837
324335
334552
44146
23345
364093
147600
340783
331254
99857
274281
310454
313138
303873
288482
246053
364171
323185
304015
266131
208633
304965
345198
327288
299653
239527
292595
344070
83207
295882
122825
321693
296367
346854
307725
200408
320930
313777
296901
179970
36869
256939
356044
314009
309688
323354
151065
336190
341856
354308
305900
101424
239706
215014
311941
146741
165113
299559
362362
182064
302666
368910
2602
319786
327635
297464
255875
352762
338723
124754
359245
299426
351756
358205
335380
345328
363978
185009
298580
309248
213704
296970
330845
167753
209216
228006
325776
309103
127759
318047
217175
304630
361297
305739
365465
202349
362665
317062
350357
82490
215274
285400
291837
347256
320941
295141
332738
361237
242349
303158
361343
330978
85616
300880
235323
137708
259268
68268
114176
284396
128030
339622
73322
307341
20021
250764
306403
309696
232320
294423
219726
347386
355568
346492
98438
293926
120776
357701
102725
282268
204794
200765
197321
334596
350060
289013
316942
171407
132857
354451
264125
314179
237035
293471
280246
317744
279115
329976
304555
196508
200801
331742
119848
368613
258405
364145
322840
363892
141208
348056
290752
344719
360439
299084
367120
348213
365797
16553
361979
354867
294912
362293
80772
148692
16645
332712
87307
362022
329123
300970
320504
290236
297112
182283
305577
226052
359099
310258
330022
367620
305263
71812
69421
354859
297146
274814
191118
333956
360678
241591
172774
297830
165872
331228
309038
295515
359861
266777
183412
151415
368598
367056
304870
65118
303813
175812
108992
346784
301597
294738
337236
295596
193327
67964
326588
351793
341721
339381
248589
275490
60230
345395
315890
116569
342710
318403
56914
364078
353086
197088
194405
256549
297252
362340
94543
321440
307806
314878
333826
304478
100295
303732
151985
358922
351292
348743
335181
326270
334117
301047
296183
331438
86490
204151
307916
318003
327655
321065
31292
314199
219317
358313
314582
291868
12361
324883
291219
326815
9147
273896
248070
311805
310439
167416
340266
304103
79842
265862
324436
304343
353798
308432
294090
309557
139170
365515
326699
366143
275752
309938
358788
345936
300486
307060
171691
334981
342105
50357
202921
298050
358885
301415
278806
274235
353762
327471
314908
343307
362369
290816
120125
345467
127878
12321
340047
308974
353120
367654
295095
62901
240022
83282
139489
125717
129640
363817
303422
313179
167295
306196
353310
205339
292870
309496
309720
327420
302777
197684
308419
356218
327940
300650
209343
345672
302691
5084
319202
279947
168909
59137
251784
304040
311733
364200
50253
349141
360371
180045
361443
305473
366390
317169
213085
337661
351325
348910
91911
332161
231918
254279
126115
104597
261324
126574
335482
173626
363323
362886
320895
84786
89070
330940
348331
336099
347951
317962
324274
336126
308870
353264
329444
311007
314475
332358
283760
62132
359399
339111
363927
290979
67619
322976
344172
344511
271919
151271
219896
309711
323519
86051
322111
266066
367888
252667
206930
355116
344356
312751
346436
271382
366854
333556
305750
215756
78978
354206
361827
319719
71372
141132
295280
48739
342627
338158
326792
94801
282324
366446
360292
338932
149688
356055
259649
347185
320142
291140
239451
292981
291742
301253
353006
207658
324686
327754
362160
275186
328432
33979
366760
102181
272206
230489
310681
110484
351058
108404
242867
303347
94103
341981
253977
322979
307626
354044
290884
151594
303673
349385
305447
368727
255804
334396
221974
335334
248525
89236
333508
319107
216307
314568
307852
357211
329909
306321
365282
339422
3264
368180
343306
294405
296662
260048
361699
163366
345569
336624
90226
351673
243033
307358
313137
357334
333832
280195
27781
303040
203784
181409
362075
332773
348393
25024
299683
333902
344621
341572
290787
325304
49516
10751
174841
305702
229566
334002
250245
310312
310845
310122
232265
77212
292100
315043
276716
222768
37431
233411
168588
260295
256722
328540
325830
366467
292722
148306
303377
166494
343320
307730
306628
267852
314654
350387
293404
337979
359417
335690
327327
351119
368384
353448
312316
366060
320850
308074
150870
324919
344478
140568
332322
271711
199126
335896
304197
325525
328164
218547
367446
305991
354992
228863
267469
351435
38387
342723
345004
154993
57493
91459
278480
359119
358448
329695
128014
290665
230638
303964
346442
311934
247615
225478
301217
363699
241362
356810
142992
329601
253939
268578
358530
221532
296032
60907
363575
359534
247198
291233
294770
136427
101677
313407
364394
358532
295702
314282
358227
351866
365556
326002
327856
146553
314528
327100
305836
267646
296920
68448
327775
311794
346900
300714
230078
83245
346816
312544
344445
344119
363888
208675
351942
331380
350312
293062
356713
339631
365936
98419
362008
280060
292594
349065
176005
333382
337272
296772
323876
348046
265672
162887
307101
345738
171741
214046
351852
341962
321639
289390
355748
304085
360927
310063
319465
305370
357882
80629
312554
305440
361647
199426
343487
353732
324381
362015
335398
346645
337546
365582
327422
325317
70187
181505
113283
291977
180475
140526
334295
349376
90385
148047
345574
322324
344780
183256
338165
311994
360259
100428
183805
351037
247299
157037
309343
355821
122540
320910
24094
362439
313895
298015
140990
314708
123145
356844
305163
335091
152124
27251
311031
352204
316100
173147
186865
130107
297934
355027
338743
201499
147246
324822
224579
315630
293041
301376
343943
330545
292737
298638
363455
345783
347194
156643
303295
220235
273221
80005
124177
32162
349341
295639
365987
176038
328900
287819
319561
354821
260085
314342
323022
12801
353358
337544
190763
357926
293113
306219
317244
325661
249323
358781
17212
303577
267629
348036
360389
192487
82131
328356
213448
299117
264288
318585
361254
316064
142696
46845
237236
232871
308896
205576
269722
180697
312122
366781
61876
358302
301210
307741
318876
304992
306341
85689
250646
343434
359207
333318
344314
140944
367341
317659
235980
209049
207626
288342
146017
307189
190066
252291
302706
121271
293723
343923
297312
12026
333089
253284
351475
313808
307136
336635
282158
334605
315560
304487
332231
356107
323101
327653
327459
291277
297562
150911
313816
353371
305969
333781
337615
179018
8955
163391
194138
356473
303605
335257
360992
76563
317926
98589
352630
311763
368767
316444
303731
301755
167141
204446
305711
133690
321968
84225
290962
248430
131931
353132
217929
292014
329452
197185
308898
362896
269289
229039
341518
63424
293565
336813
299201
295494
276513
26221
334773
326237
367229
317661
181198
1116
198928
290904
224506
312434
350780
363293
331435
345425
355455
101588
359891
163569
318274
366273
346379
359001
313443
305682
356274
368935
97950
326845
105139
135110
355427
321539
91310
347010
329597
175038
269944
301349
138552
347791
340700
346501
261670
351381
197812
306506
105243
35078
264951
333001
90933
258678
310760
325566
291013
265760
292141
286969
136435
350432
368314
340551
209563
340581
307216
275776
365541
307478
258351
176601
19940
38897
300688
245886
70272
66691
313155
350877
301149
349608
141976
289952
94779
352393
354066
292600
289977
34383
337574
32463
193090
328046
331358
162783
352145
296436
307532
364834
345778
337321
74266
223370
305669
257464
320364
304018
26858
207711
328087
346827
59467
305955
325290
366598
339323
331778
282412
153461
29470
329833
277717
27183
351247
264992
345370
361436
129155
140143
313448
202646
268666
347331
323605
62302
337499
313288
334360
203516
174835
35266
357204
129848
349161
172802
14687
13386
328207
90088
296406
353566
301125
346587
288249
85671
361057
325403
94612
313550
320743
71100
314859
286888
295344
346997
236357
310139
101110
291468
142584
305453
308469
366676
358872
303358
303429
335366
349250
72629
308293
310791
342861
134468
259457
310429
129346
279085
300481
347825
35989
97478
233839
359342
315500
351108
210239
354233
310891
343632
285888
335494
25458
334453
301592
106332
300635
350652
293955
355818
282472
259174
315662
346921
261374
106881
300760
365240
319357
336529
328145
84471
315423
345685
339824
304507
306527
10371
40245
191602
315401
318589
312216
348045
349687
306852
109683
360526
292381
52989
127208
70118
280928
62932
136242
306990
334923
296003
312100
147009
351110
320159
329157
123382
310686
305521
5764
218695
143477
149742
355487
308792
275761
122809
102809
322484
341037
334862
310237
358338
175267
349918
338048
332644
368823
335432
148214
68176
353755
2977
350916
341794
258234
175015
317644
363778
310254
353098
340878
325593
234301
294879
224481
65422
297218
355326
303661
300646
303479
307337
361765
266654
250067
97184
157819
207682
329368
334015
184033
333661
293719
292968
303364
334938
299845
334047
33405
146475
344718
307126
225627
68551
333070
307638
288553
179136
289585
324448
51091
326035
269455
355448
210467
92894
292947
367983
314020
292680
291733
208897
269084
248378
269639
322475
303396
325670
144371
133926
220624
136205
298805
306560
275357
330960
361325
215111
362343
283655
352644
346741
202125
236125
271376
321560
225494
354627
297394
320092
350566
278619
336283
269393
334554
6441
344617
341787
338704
367156
310973
193815
323396
317617
346198
117595
75099
182188
354637
289690
328353
297109
287346
291224
331250
228436
310708
217976
152796
228734
264316
291525
300458
352514
357305
362653
329716
322313
312051
276515
284587
32973
338771
313775
304552
286773
231430
232560
311438
342501
19531
307634
292787
131367
296197
315839
154908
296308
307056
196934
301723
19825
346303
296421
347396
36376
21299
81511
296954
293151
297180
205498
322735
333900
51052
341824
365880
303148
131456
172922
237763
316087
330594
191404
342445
153460
207980
142440
351808
329104
289746
315790
312461
340268
306542
365739
88035
328983
300252
279468
343839
254567
295482
349781
164326
277352
145233
294881
323036
302536
348427
327882
292316
166241
14702
264763
340916
23567
351682
343276
33719
302350
212626
292817
303556
290557
359486
367828
321437
24673
317906
338942
210896
344198
333254
315412
118501
295730
333657
302114
292010
340554
233160
312505
299654
233384
166466
296980
295271
301846
288815
165986
306218
357585
303625
296459
343046
4580
298958
209056
301473
262737
145652
229406
368819
273399
330513
354435
324306
337372
109543
331042
290662
304144
320928
329973
327346
280554
351409
307607
128037
301825
349661
107222
289069
155152
133575
330235
294961
311247
158238
119267
350926
331276
224256
368089
317699
320860
26358
315047
300313
349084
140627
337105
70157
308151
294704
173255
325810
114681
365275
144489
344593
192251
304603
301706
220173
350045
222886
205500
367036
327687
303658
358551
316313
363173
331646
321782
203888
302384
107325
328027
344906
131284
307833
290772
314503
346701
226917
340919
29041
164217
326859
107063
31756
299527
306101
307180
350962
331613
355058
337981
358721
246241
309365
316292
295382
244093
350718
291421
300056
204477
318323
222501
335757
322371
338159
271729
83467
351812
240542
307403
244956
337082
368685
356043
54214
295452
209695
320787
253796
251088
361379
358971
364933
256513
715
358587
304162
106774
287456
296462
304855
335569
322726
331975
341197
297357
275052
108746
317475
353925
324213
125489
364279
352320
352735
174221
202416
313095
329192
329004
314404
363414
112520
201225
5431
232748
177532
306040
281879
338458
322502
362109
207184
296488
162114
301737
349512
356960
344498
340138
242932
103444
348905
330200
291270
312713
338434
302173
329056
239294
266487
338228
303252
42594
305040
321864
109809
240000
291085
196142
306424
332419
289741
342614
309056
319824
236445
172300
295741
296934
331879
70170
357298
340622
324771
354691
223943
359913
253167
305388
360979
203723
186891
144207
151535
294638
219497
276520
180497
187726
302110
295290
236735
363633
137159
310150
326499
362890
210529
201267
50746
307599
305801
328969
331032
303769
316904
114071
352636
314941
131109
366860
200605
302985
313044
352558
321902
331815
322602
368377
160565
252093
110004
293457
73986
343861
324082
292172
333898
349324
326282
338082
354186
293797
363958
350686
327727
348759
351512
349332
134259
245598
321832
236909
358980
329931
177309
24813
86143
216117
299197
329077
33363
289253
135169
101481
262428
293776
338447
253342
47892
335294
359100
281357
362339
190476
296782
295465
284902
333139
77385
